delay 10ms loss 0.1%
0.491256 0.491304 0.490773 0.494413 0.488854 0.490485 0.489141 0.485437 0.485531 0.487187 0.484355 0.48676 0.489908 0.486145 0.49412 0.493291 0.493486 0.481974 0.485531 0.491256 
0.482905 0.490725 0.488568 0.483793 0.0196309 0.486192 0.489956 0.49034 0.491352 0.488615 0.487805 0.480584 0.479478 0.491207 0.495835 0.492611 0.493827 0.482812 0.49034 0.483419 
delay 10ms loss 0.5%
0.488424 0.484402 0.489764 0.487567 0.494218 0.486902 0.491836 0.488568 0.482905 0.484872 0.487995 0.491111 0.490918 0.490436 0.491159 0.487377 0.491207 0.484543 0.485814 0.493145 
0.49087 0.48938 0.488998 0.487234 0.492562 0.491884 0.490004 0.491497 0.486476 0.485909 0.482765 0.489812 0.491594 0.490581 0.494903 0.483512 0.49034 0.491594 0.482672 0.480954 
delay 10ms loss 1%
0.481325 0.492562 0.490388 0.486429 0.490148 0.491159 0.491884 0.484449 0.494071 0.492999 0.495737 0.49412 0.495638 0.492514 0.494903 0.48771 0.489093 0.488377 0.489812 0.48676 
0.485578 0.491207 0.483887 0.49456 0.479754 0.47856 0.492659 0.48752 0.492902 0.491063 0.490485 0.492271 0.488377 0.489141 0.493437 0.48938 0.485909 0.48216 0.489237 0.491932 
delay 50ms loss 0.1%
0.0988944 0.0996274 0.0993818 0.0992989 0.099169 0.0996036 0.0990904 0.0994253 0.0993957 0.0995362 0.0993522 0.0989139 0.0991532 0.099368 0.0995818 0.0992004 0.0996214 0.0992536 0.0994056 0.0991906 
0.0994688 0.0990864 0.0995778 0.0993502 0.0994273 0.0992891 0.099677 0.0992694 0.0996314 0.099453 0.0997327 0.0992733 0.0992457 0.0995362 0.0993285 0.0994174 0.0987947 0.0993838 0.0993424 0.0989727 
delay 50ms loss 0.5%
0.0996631 0.0992733 0.0991493 0.099687 0.0993226 0.0994253 0.099108 0.09937 0.0997447 0.0993285 0.0993167 0.0991729 0.099167 0.0990158 0.0997447 0.0996592 0.0992103 0.0995084 0.0995599 0.0995619 
0.0992832 0.0996175 0.0993621 0.0991886 0.0991749 0.0991395 0.0993029 0.0994174 0.0992832 0.0992241 0.0994332 0.0992497 0.099677 0.0991061 0.0993206 0.0996353 0.0996433 0.099372 0.0990904 0.0992792 
delay 50ms loss 1%
0.0993502 0.0990727 0.0994214 0.0994629 0.0103165 0.099293 0.0991906 0.0992024 0.0993108 0.0991002 0.0993167 0.0996671 0.0992871 0.0992674 0.0991749 0.0992753 0.0993443 0.0992123 0.0993463 0.0994253 
0.099295 0.099366 0.0991729 0.0993049 0.0107609 0.0992713 0.0995639 0.0993266 0.0997069 0.0994965 0.0993187 0.0993384 0.0993818 0.0993345 0.0992773 0.099372 0.0995421 0.0996612 0.0994115 0.0108266 
delay 100ms loss 0.1%
0.0497924 0.0499002 0.0498251 0.0498236 0.0498301 0.0497939 0.0498405 0.0499396 0.0498465 0.0498594 0.0498167 0.0498172 0.0498048 0.0498122 0.0498554 0.0497577 0.0498008 0.0498902 0.0498142 0.0499166 
0.0498003 0.0498172 0.0498053 0.0498152 0.0499052 0.0499032 0.0498112 0.0498504 0.0498828 0.0498544 0.0498221 0.0498425 0.0498122 0.0498808 0.0498524 0.0498102 0.0498465 0.0498117 0.0498559 0.0498147 
delay 100ms loss 0.5%
0.0136867 0.0499052 0.0498883 0.049684 0.0497874 0.049849 0.0499191 0.0499141 0.0499042 0.049723 0.0498544 0.0499166 0.0498644 0.0498197 0.049838 0.0498077 0.0499191 0.0498296 0.0498495 0.0498902 
0.0493666 0.0498345 0.0498395 0.049848 0.0498167 0.0499196 0.0498778 0.0498365 0.0497899 0.0498197 0.0498107 0.0499032 0.0497532 0.0498425 0.0498336 0.0497201 0.0498336 0.0498033 0.049849 0.0497854 
delay 100ms loss 1%
0.049841 0.0498147 0.0498063 0.0495241 0.0496653 0.0497983 0.0498301 0.049844 0.0498236 0.049848 0.0498082 0.0498271 0.0498341 0.0497998 0.0498345 0.0499351 0.049838 0.0499042 0.0499241 0.0499156 
0.0499097 0.0498688 0.0498345 0.0498748 0.0498445 0.0499141 0.0498306 0.0498187 0.0499166 0.0498162 0.0498758 0.0498117 0.0498087 0.0497547 0.0498152 0.0498187 0.0497924 0.0497359 0.0498107 0.0497671 
