delay 10ms loss 0.1%
TCP cubic:
243973846.003708 277071629.943131 245386729.485669 276554408.622966 219994170.154491 276285070.936192 274934874.801531 246072074.510624 247451252.103336 281185195.599452 247289093.314539 245418346.248474 246513376.432089 276071502.519152 280887041.276351 276012448.161412 151785951.451263 276086746.455736 275478299.196981 245291928.055878 
TCP reno:
246870911.200533 275387263.339071 280701754.385965 22146088.889972 281080473.339517 278621381.404809 141312795.873666 280324054.607126 220104329.452160 278728163.390449 280218009.611478 246090241.291481 245774219.513244 275243246.218846 244985453.988669 219001680.837900 244727648.717933 206136689.238634 278069364.402950 274823425.948828 
delay 10ms loss 0.5%
TCP cubic:
275576989.321392 280550158.861528 278957535.689130 278113831.991434 276166804.750069 280157168.171344 279388139.973458 246778004.676443 247119513.174559 23154110.867671 13229604.414984 278454577.097111 246429847.583139 276414898.763043 275465019.385851 93997330.475814 218972907.577010 280770715.614361 93968182.373448 17650552.594675 
TCP reno:
245860326.748374 278280228.189787 279583420.703152 276098180.512990 245337062.456683 278567051.089197 276168711.465834 278640790.225281 16054025.004947 246281154.566053 33393776.068016 247704092.690872 33387950.455620 278821421.849841 18240261.638313 245400278.529316 246209906.255578 279696808.659413 279546296.361006 20533680.626318 
delay 10ms loss 1%
TCP cubic:
220600806.295947 246137184.559814 11387534.009582 122961528.411798 282035733.927489 280928468.588686 42775258.790316 245811978.417708 10959801.912540 8385011.205519 8396836.156105 246385827.887180 9854648.856688 278028775.978314 244315093.175669 247783882.897337 277263684.695738 273659581.164011 16598784.554001 9958547.545840 
TCP reno:
11683624.961481 246863293.279764 275675750.182635 124008705.411120 282364235.745900 246461733.735066 8750812.731732 10742557.824503 123239599.348063 246953214.713472 278363500.977752 12793208.341556 11387038.020751 275875387.087653 10940401.343153 9247494.391395 220533912.602410 10681073.298331 12078137.092291 98894116.541772 
delay 50ms loss 0.1%
